1	-4.20e-06	-1.66e-05	-8.29e-02 
2	-4.66e-06	-1.14e-05	-2.80e-02 
3	0.00e+00	0.00e+00	0.00e+00 
4	0.00e+00	0.00e+00	0.00e+00 
5	0.00e+00	0.00e+00	0.00e+00 
6	0.00e+00	0.00e+00	0.00e+00 
7	0.00e+00	0.00e+00	0.00e+00 
8	0.00e+00	0.00e+00	0.00e+00 
9	0.00e+00	0.00e+00	0.00e+00 
10	1.62e-05	3.53e-05	5.66e-01 
11	1.80e-05	5.64e-05	2.30e+00 
12	-1.23e-05	-1.03e-05	-4.21e-03 
13	-1.02e-05	-4.73e-06	3.44e-02 
14	-8.85e-06	-3.84e-06	9.16e-02 
15	-7.29e-06	-1.88e-06	1.96e-01 
16	-6.69e-06	4.41e-07	3.71e-01 
17	-6.58e-06	3.58e-06	6.31e-01 
18	-7.17e-06	9.19e-06	1.12e+00 
19	-9.11e-06	1.72e-05	1.95e+00 
20	-1.01e-05	3.62e-05	3.60e+00 
21	-9.46e-06	5.77e-05	6.19e+00 
22	-5.31e-06	8.09e-05	1.03e+01 
23	-1.92e-05	-7.97e-06	1.62e-01 
24	-1.93e-05	-6.89e-06	3.66e-01 
25	-1.93e-05	-3.51e-06	6.94e-01 
26	-1.97e-05	1.61e-06	1.20e+00 
27	-2.05e-05	8.57e-06	1.95e+00 
28	-2.21e-05	1.76e-05	3.06e+00 
29	-2.48e-05	2.94e-05	4.68e+00 
30	-2.72e-05	4.58e-05	6.99e+00 
31	-2.79e-05	6.44e-05	1.02e+01 
32	-2.71e-05	8.52e-05	1.43e+01 
33	-2.62e-05	1.07e-04	2.00e+01 
34	-3.47e-05	-8.35e-06	7.14e-01 
35	-3.68e-05	-3.07e-06	1.25e+00 
36	-3.86e-05	4.58e-06	2.02e+00 
37	-4.06e-05	1.44e-05	3.13e+00 
38	-4.29e-05	2.62e-05	4.64e+00 
39	-4.57e-05	4.07e-05	6.76e+00 
40	-4.80e-05	5.65e-05	9.32e+00 
41	-4.96e-05	7.45e-05	1.27e+01 
42	-5.04e-05	9.46e-05	1.68e+01 
43	-5.06e-05	1.17e-04	2.19e+01 
44	-5.03e-05	1.40e-04	2.84e+01 
45	-6.14e-05	-4.31e-07	1.45e+00 
46	-6.39e-05	9.60e-06	2.36e+00 
47	-6.64e-05	2.18e-05	3.62e+00 
48	-6.90e-05	3.56e-05	5.29e+00 
49	-7.16e-05	5.11e-05	7.44e+00 
50	-7.41e-05	6.87e-05	1.02e+01 
51	-7.61e-05	8.65e-05	1.34e+01 
52	-7.77e-05	1.07e-04	1.72e+01 
53	-7.88e-05	1.28e-04	2.17e+01 
54	-7.93e-05	1.51e-04	2.69e+01 
55	-7.94e-05	1.76e-04	3.32e+01 
56	-9.56e-05	1.66e-05	1.70e+00 
57	-9.80e-05	3.08e-05	2.93e+00 
58	-1.00e-04	4.64e-05	4.55e+00 
59	-1.03e-04	6.32e-05	6.59e+00 
60	-1.05e-04	8.11e-05	9.06e+00 
61	-1.07e-04	1.02e-04	1.22e+01 
62	-1.09e-04	1.20e-04	1.53e+01 
63	-1.11e-04	1.42e-04	1.91e+01 
64	-1.12e-04	1.64e-04	2.33e+01 
65	-1.13e-04	1.88e-04	2.79e+01 
66	-1.13e-04	2.13e-04	3.34e+01 
67	-1.35e-04	4.17e-05	5.49e-01 
68	-1.36e-04	5.87e-05	1.96e+00 
69	-1.38e-04	7.68e-05	3.72e+00 
70	-1.40e-04	9.57e-05	5.83e+00 
71	-1.42e-04	1.15e-04	8.27e+00 
72	-1.45e-04	1.39e-04	1.14e+01 
73	-1.46e-04	1.57e-04	1.41e+01 
74	-1.48e-04	1.79e-04	1.74e+01 
75	-1.49e-04	2.02e-04	2.08e+01 
76	-1.50e-04	2.26e-04	2.45e+01 
77	-1.50e-04	2.50e-04	2.87e+01 
78	-1.76e-04	7.33e-05	-2.87e+00 
79	-1.78e-04	9.23e-05	-1.46e+00 
80	-1.79e-04	1.12e-04	2.19e-01 
81	-1.81e-04	1.32e-04	2.15e+00 
82	-1.83e-04	1.53e-04	4.31e+00 
83	-1.85e-04	1.77e-04	6.98e+00 
84	-1.86e-04	1.95e-04	9.13e+00 
85	-1.87e-04	2.17e-04	1.17e+01 
86	-1.88e-04	2.40e-04	1.43e+01 
87	-1.89e-04	2.63e-04	1.68e+01 
88	-1.89e-04	2.86e-04	1.96e+01 
89	-2.20e-04	1.10e-04	-9.08e+00 
90	-2.21e-04	1.30e-04	-7.77e+00 
91	-2.22e-04	1.51e-04	-6.27e+00 
92	-2.23e-04	1.71e-04	-4.61e+00 
93	-2.25e-04	1.92e-04	-2.83e+00 
94	-2.26e-04	2.16e-04	-7.48e-01 
95	-2.27e-04	2.34e-04	8.57e-01 
96	-2.28e-04	2.56e-04	2.67e+00 
97	-2.29e-04	2.77e-04	4.39e+00 
98	-2.29e-04	2.99e-04	5.96e+00 
99	-2.29e-04	3.21e-04	7.42e+00 
100	-2.64e-04	1.51e-04	-1.79e+01 
101	-2.65e-04	1.72e-04	-1.66e+01 
102	-2.65e-04	1.92e-04	-1.53e+01 
103	-2.66e-04	2.12e-04	-1.39e+01 
104	-2.67e-04	2.32e-04	-1.24e+01 
105	-2.68e-04	2.58e-04	-1.07e+01 
106	-2.69e-04	2.73e-04	-9.73e+00 
107	-2.69e-04	2.93e-04	-8.52e+00 
108	-2.70e-04	3.14e-04	-7.48e+00 
109	-2.70e-04	3.35e-04	-6.67e+00 
110	-2.70e-04	3.56e-04	-6.20e+00 
111	-3.06e-04	1.94e-04	-2.82e+01 
112	-3.07e-04	2.14e-04	-2.69e+01 
113	-3.07e-04	2.33e-04	-2.57e+01 
114	-3.08e-04	2.52e-04	-2.45e+01 
115	-3.08e-04	2.72e-04	-2.34e+01 
116	-3.09e-04	2.96e-04	-2.21e+01 
117	-3.10e-04	3.10e-04	-2.14e+01 
118	-3.10e-04	3.30e-04	-2.07e+01 
119	-3.11e-04	3.50e-04	-2.03e+01 
120	-3.11e-04	3.69e-04	-2.02e+01 
121	-3.11e-04	3.89e-04	-2.13e+01 
