1	3.72e-11	1.52e-10	-4.05e-02 
2	4.12e-11	1.03e-10	-1.53e-02 
3	0.00e+00	0.00e+00	0.00e+00 
4	0.00e+00	0.00e+00	0.00e+00 
5	0.00e+00	0.00e+00	0.00e+00 
6	0.00e+00	0.00e+00	0.00e+00 
7	0.00e+00	0.00e+00	0.00e+00 
8	0.00e+00	0.00e+00	0.00e+00 
9	0.00e+00	0.00e+00	0.00e+00 
10	-1.19e-10	-3.24e-10	-5.24e-02 
11	-1.18e-10	-5.13e-10	-1.07e-01 
12	1.12e-10	9.31e-11	6.38e-03 
13	9.29e-11	4.07e-11	3.52e-02 
14	8.16e-11	2.97e-11	6.90e-02 
15	6.97e-11	8.87e-12	1.13e-01 
16	6.83e-11	-1.51e-11	1.66e-01 
17	7.27e-11	-4.58e-11	2.25e-01 
18	8.62e-11	-9.88e-11	3.06e-01 
19	1.14e-10	-1.72e-10	4.02e-01 
20	1.37e-10	-3.46e-10	5.38e-01 
21	1.40e-10	-5.32e-10	6.97e-01 
22	1.13e-10	-7.29e-10	9.14e-01 
23	1.79e-10	6.57e-11	1.95e-01 
24	1.82e-10	4.93e-11	3.17e-01 
25	1.85e-10	1.11e-11	4.62e-01 
26	1.94e-10	-4.14e-11	6.28e-01 
27	2.09e-10	-1.08e-10	8.16e-01 
28	2.33e-10	-1.91e-10	1.03e+00 
29	2.68e-10	-2.97e-10	1.27e+00 
30	3.01e-10	-4.38e-10	1.56e+00 
31	3.16e-10	-5.93e-10	1.88e+00 
32	3.18e-10	-7.60e-10	2.25e+00 
33	3.17e-10	-9.33e-10	2.68e+00 
34	3.29e-10	5.06e-11	8.15e-01 
35	3.49e-10	-8.04e-12	1.08e+00 
36	3.69e-10	-8.60e-11	1.38e+00 
37	3.92e-10	-1.79e-10	1.70e+00 
38	4.21e-10	-2.84e-10	2.05e+00 
39	4.55e-10	-4.09e-10	2.45e+00 
40	4.83e-10	-5.38e-10	2.86e+00 
41	5.05e-10	-6.80e-10	3.32e+00 
42	5.20e-10	-8.33e-10	3.84e+00 
43	5.28e-10	-9.94e-10	4.41e+00 
44	5.31e-10	-1.16e-09	5.03e+00 
45	5.70e-10	-4.89e-11	2.01e+00 
46	5.92e-10	-1.48e-10	2.42e+00 
47	6.15e-10	-2.61e-10	2.87e+00 
48	6.41e-10	-3.81e-10	3.35e+00 
49	6.69e-10	-5.07e-10	3.86e+00 
50	6.95e-10	-6.45e-10	4.43e+00 
51	7.16e-10	-7.78e-10	5.00e+00 
52	7.34e-10	-9.23e-10	5.63e+00 
53	7.47e-10	-1.07e-09	6.30e+00 
54	7.55e-10	-1.23e-09	7.03e+00 
55	7.60e-10	-1.38e-09	7.80e+00 
56	8.52e-10	-2.26e-10	3.80e+00 
57	8.68e-10	-3.52e-10	4.36e+00 
58	8.86e-10	-4.82e-10	4.95e+00 
59	9.06e-10	-6.13e-10	5.57e+00 
60	9.26e-10	-7.46e-10	6.22e+00 
61	9.46e-10	-8.93e-10	6.97e+00 
62	9.61e-10	-1.02e-09	7.63e+00 
63	9.74e-10	-1.16e-09	8.39e+00 
64	9.84e-10	-1.30e-09	9.19e+00 
65	9.90e-10	-1.45e-09	1.00e+01 
66	9.94e-10	-1.59e-09	1.09e+01 
67	1.14e-09	-4.54e-10	6.16e+00 
68	1.15e-09	-5.89e-10	6.85e+00 
69	1.16e-09	-7.23e-10	7.56e+00 
70	1.17e-09	-8.56e-10	8.29e+00 
71	1.18e-09	-9.88e-10	9.06e+00 
72	1.20e-09	-1.14e-09	9.96e+00 
73	1.21e-09	-1.25e-09	1.07e+01 
74	1.21e-09	-1.39e-09	1.15e+01 
75	1.22e-09	-1.52e-09	1.24e+01 
76	1.22e-09	-1.66e-09	1.33e+01 
77	1.23e-09	-1.79e-09	1.43e+01 
78	1.41e-09	-7.05e-10	9.05e+00 
79	1.41e-09	-8.38e-10	9.82e+00 
80	1.42e-09	-9.69e-10	1.06e+01 
81	1.42e-09	-1.10e-09	1.14e+01 
82	1.43e-09	-1.22e-09	1.23e+01 
83	1.44e-09	-1.37e-09	1.33e+01 
84	1.44e-09	-1.48e-09	1.40e+01 
85	1.45e-09	-1.60e-09	1.49e+01 
86	1.45e-09	-1.72e-09	1.59e+01 
87	1.45e-09	-1.85e-09	1.69e+01 
88	1.45e-09	-1.97e-09	1.79e+01 
89	1.66e-09	-9.61e-10	1.24e+01 
90	1.66e-09	-1.09e-09	1.32e+01 
91	1.66e-09	-1.21e-09	1.40e+01 
92	1.66e-09	-1.33e-09	1.49e+01 
93	1.66e-09	-1.45e-09	1.58e+01 
94	1.67e-09	-1.58e-09	1.68e+01 
95	1.67e-09	-1.68e-09	1.76e+01 
96	1.67e-09	-1.80e-09	1.85e+01 
97	1.67e-09	-1.92e-09	1.95e+01 
98	1.67e-09	-2.03e-09	2.05e+01 
99	1.67e-09	-2.15e-09	2.15e+01 
100	1.89e-09	-1.21e-09	1.60e+01 
101	1.89e-09	-1.33e-09	1.68e+01 
102	1.89e-09	-1.44e-09	1.77e+01 
103	1.89e-09	-1.55e-09	1.86e+01 
104	1.89e-09	-1.66e-09	1.95e+01 
105	1.89e-09	-1.80e-09	2.06e+01 
106	1.89e-09	-1.88e-09	2.13e+01 
107	1.89e-09	-1.99e-09	2.22e+01 
108	1.89e-09	-2.10e-09	2.32e+01 
109	1.89e-09	-2.21e-09	2.42e+01 
110	1.89e-09	-2.32e-09	2.51e+01 
111	2.11e-09	-1.45e-09	1.98e+01 
112	2.11e-09	-1.56e-09	2.06e+01 
113	2.11e-09	-1.66e-09	2.15e+01 
114	2.10e-09	-1.77e-09	2.24e+01 
115	2.10e-09	-1.87e-09	2.32e+01 
116	2.10e-09	-2.00e-09	2.44e+01 
117	2.10e-09	-2.08e-09	2.50e+01 
118	2.10e-09	-2.18e-09	2.60e+01 
119	2.10e-09	-2.28e-09	2.69e+01 
120	2.10e-09	-2.39e-09	2.78e+01 
121	2.10e-09	-2.49e-09	2.88e+01 
