1	2.04e-06	8.11e-06	-3.15e-01 
2	2.27e-06	5.55e-06	-1.28e-01 
3	0.00e+00	0.00e+00	0.00e+00 
4	0.00e+00	0.00e+00	0.00e+00 
5	0.00e+00	0.00e+00	0.00e+00 
6	0.00e+00	0.00e+00	0.00e+00 
7	0.00e+00	0.00e+00	0.00e+00 
8	0.00e+00	0.00e+00	0.00e+00 
9	0.00e+00	0.00e+00	0.00e+00 
10	-7.82e-06	-1.70e-05	-6.86e-01 
11	-8.70e-06	-2.72e-05	-2.28e+00 
12	6.01e-06	5.02e-06	1.37e-01 
13	4.95e-06	2.30e-06	3.35e-01 
14	4.31e-06	1.87e-06	5.14e-01 
15	3.55e-06	9.33e-07	6.68e-01 
16	3.26e-06	-1.82e-07	7.67e-01 
17	3.20e-06	-1.69e-06	7.78e-01 
18	3.47e-06	-4.40e-06	6.36e-01 
19	4.40e-06	-8.24e-06	2.38e-01 
20	4.86e-06	-1.74e-05	-7.19e-01 
21	4.56e-06	-2.78e-05	-2.35e+00 
22	2.56e-06	-3.90e-05	-4.79e+00 
23	9.31e-06	3.88e-06	1.62e+00 
24	9.36e-06	3.38e-06	2.16e+00 
25	9.39e-06	1.75e-06	2.59e+00 
26	9.56e-06	-7.07e-07	2.83e+00 
27	9.96e-06	-4.06e-06	2.83e+00 
28	1.07e-05	-8.39e-06	2.50e+00 
29	1.20e-05	-1.41e-05	1.74e+00 
30	1.32e-05	-2.20e-05	4.44e-01 
31	1.35e-05	-3.10e-05	-1.50e+00 
32	1.31e-05	-4.11e-05	-4.11e+00 
33	1.27e-05	-5.18e-05	-7.53e+00 
34	1.68e-05	4.10e-06	5.22e+00 
35	1.78e-05	1.58e-06	5.84e+00 
36	1.87e-05	-2.10e-06	6.13e+00 
37	1.97e-05	-6.82e-06	6.03e+00 
38	2.08e-05	-1.25e-05	5.48e+00 
39	2.21e-05	-1.96e-05	4.35e+00 
40	2.32e-05	-2.72e-05	2.76e+00 
41	2.40e-05	-3.59e-05	4.76e-01 
42	2.44e-05	-4.56e-05	-2.47e+00 
43	2.45e-05	-5.63e-05	-6.10e+00 
44	2.44e-05	-6.77e-05	-1.06e+01 
45	2.98e-05	3.34e-07	1.05e+01 
46	3.10e-05	-4.50e-06	1.07e+01 
47	3.22e-05	-1.04e-05	1.04e+01 
48	3.34e-05	-1.71e-05	9.51e+00 
49	3.47e-05	-2.45e-05	8.05e+00 
50	3.59e-05	-3.31e-05	5.90e+00 
51	3.69e-05	-4.17e-05	3.28e+00 
52	3.76e-05	-5.14e-05	-7.44e-02 
53	3.82e-05	-6.19e-05	-4.09e+00 
54	3.85e-05	-7.31e-05	-8.80e+00 
55	3.85e-05	-8.50e-05	-1.44e+01 
56	4.64e-05	-7.85e-06	1.65e+01 
57	4.75e-05	-1.47e-05	1.58e+01 
58	4.86e-05	-2.23e-05	1.44e+01 
59	4.98e-05	-3.04e-05	1.25e+01 
60	5.09e-05	-3.90e-05	9.91e+00 
61	5.20e-05	-4.91e-05	6.41e+00 
62	5.29e-05	-5.81e-05	2.86e+00 
63	5.37e-05	-6.85e-05	-1.61e+00 
64	5.43e-05	-7.94e-05	-6.72e+00 
65	5.47e-05	-9.10e-05	-1.25e+01 
66	5.48e-05	-1.03e-04	-1.92e+01 
67	6.53e-05	-2.00e-05	2.20e+01 
68	6.62e-05	-2.82e-05	2.00e+01 
69	6.71e-05	-3.70e-05	1.74e+01 
70	6.81e-05	-4.61e-05	1.43e+01 
71	6.91e-05	-5.56e-05	1.05e+01 
72	7.02e-05	-6.70e-05	5.47e+00 
73	7.09e-05	-7.59e-05	1.16e+00 
74	7.17e-05	-8.66e-05	-4.39e+00 
75	7.23e-05	-9.77e-05	-1.05e+01 
76	7.26e-05	-1.09e-04	-1.73e+01 
77	7.28e-05	-1.21e-04	-2.49e+01 
78	8.56e-05	-3.53e-05	2.59e+01 
79	8.63e-05	-4.45e-05	2.26e+01 
80	8.70e-05	-5.41e-05	1.87e+01 
81	8.79e-05	-6.38e-05	1.43e+01 
82	8.88e-05	-7.38e-05	9.40e+00 
83	8.97e-05	-8.54e-05	3.17e+00 
84	9.03e-05	-9.45e-05	-2.01e+00 
85	9.10e-05	-1.05e-04	-8.48e+00 
86	9.14e-05	-1.16e-04	-1.55e+01 
87	9.17e-05	-1.27e-04	-2.30e+01 
88	9.19e-05	-1.39e-04	-3.13e+01 
89	1.07e-04	-5.32e-05	2.74e+01 
90	1.07e-04	-6.30e-05	2.29e+01 
91	1.08e-04	-7.29e-05	1.79e+01 
92	1.09e-04	-8.29e-05	1.24e+01 
93	1.09e-04	-9.30e-05	6.52e+00 
94	1.10e-04	-1.04e-04	-6.53e-01 
95	1.10e-04	-1.13e-04	-6.50e+00 
96	1.11e-04	-1.24e-04	-1.36e+01 
97	1.11e-04	-1.34e-04	-2.12e+01 
98	1.11e-04	-1.45e-04	-2.92e+01 
99	1.11e-04	-1.56e-04	-3.79e+01 
100	1.28e-04	-7.31e-05	2.63e+01 
101	1.28e-04	-8.29e-05	2.07e+01 
102	1.29e-04	-9.28e-05	1.48e+01 
103	1.29e-04	-1.03e-04	8.64e+00 
104	1.30e-04	-1.12e-04	2.11e+00 
105	1.30e-04	-1.25e-04	-6.59e+00 
106	1.30e-04	-1.32e-04	-1.19e+01 
107	1.31e-04	-1.42e-04	-1.94e+01 
108	1.31e-04	-1.52e-04	-2.73e+01 
109	1.31e-04	-1.62e-04	-3.56e+01 
110	1.31e-04	-1.72e-04	-4.45e+01 
111	1.49e-04	-9.39e-05	2.26e+01 
112	1.49e-04	-1.03e-04	1.65e+01 
113	1.49e-04	-1.13e-04	1.02e+01 
114	1.49e-04	-1.22e-04	3.58e+00 
115	1.50e-04	-1.31e-04	-3.28e+00 
116	1.50e-04	-1.43e-04	-1.24e+01 
117	1.50e-04	-1.50e-04	-1.78e+01 
118	1.51e-04	-1.60e-04	-2.56e+01 
119	1.51e-04	-1.69e-04	-3.37e+01 
120	1.51e-04	-1.79e-04	-4.23e+01 
121	1.51e-04	-1.89e-04	-5.26e+01 
