1	1.63e-06	7.15e-06	-1.08e+00 
2	1.82e-06	4.79e-06	-4.16e-01 
3	0.00e+00	0.00e+00	0.00e+00 
4	0.00e+00	0.00e+00	0.00e+00 
5	0.00e+00	0.00e+00	0.00e+00 
6	0.00e+00	0.00e+00	0.00e+00 
7	0.00e+00	0.00e+00	0.00e+00 
8	0.00e+00	0.00e+00	0.00e+00 
9	0.00e+00	0.00e+00	0.00e+00 
10	-2.76e-06	-1.36e-05	-1.42e+00 
11	-1.51e-06	-2.14e-05	-5.22e+00 
12	5.23e-06	4.25e-06	4.82e-01 
13	4.35e-06	1.71e-06	1.01e+00 
14	3.89e-06	1.04e-06	1.43e+00 
15	3.51e-06	-6.58e-08	1.73e+00 
16	3.72e-06	-1.26e-06	1.85e+00 
17	4.27e-06	-2.69e-06	1.77e+00 
18	5.37e-06	-5.06e-06	1.34e+00 
19	7.20e-06	-8.24e-06	4.36e-01 
20	9.18e-06	-1.55e-05	-1.56e+00 
21	9.91e-06	-2.27e-05	-4.92e+00 
22	9.48e-06	-3.00e-05	-1.07e+01 
23	8.56e-06	2.54e-06	4.61e+00 
24	8.74e-06	1.43e-06	5.67e+00 
25	9.08e-06	-6.80e-07	6.33e+00 
26	9.81e-06	-3.28e-06	6.46e+00 
27	1.10e-05	-6.33e-06	6.01e+00 
28	1.26e-05	-9.88e-06	4.90e+00 
29	1.47e-05	-1.42e-05	3.04e+00 
30	1.68e-05	-1.96e-05	2.89e-01 
31	1.81e-05	-2.51e-05	-3.49e+00 
32	1.88e-05	-3.08e-05	-8.37e+00 
33	1.93e-05	-3.62e-05	-1.55e+01 
34	1.56e-05	7.90e-07	1.28e+01 
35	1.66e-05	-2.37e-06	1.32e+01 
36	1.77e-05	-6.17e-06	1.29e+01 
37	1.91e-05	-1.03e-05	1.17e+01 
38	2.08e-05	-1.46e-05	9.63e+00 
39	2.27e-05	-1.93e-05	6.71e+00 
40	2.44e-05	-2.39e-05	3.29e+00 
41	2.57e-05	-2.84e-05	-9.53e-01 
42	2.68e-05	-3.29e-05	-5.84e+00 
43	2.75e-05	-3.73e-05	-1.14e+01 
44	2.81e-05	-4.13e-05	-1.88e+01 
45	2.60e-05	-5.08e-06	2.17e+01 
46	2.68e-05	-9.74e-06	2.01e+01 
47	2.79e-05	-1.45e-05	1.76e+01 
48	2.92e-05	-1.92e-05	1.44e+01 
49	3.06e-05	-2.36e-05	1.05e+01 
50	3.19e-05	-2.79e-05	5.98e+00 
51	3.30e-05	-3.17e-05	1.43e+00 
52	3.40e-05	-3.54e-05	-3.46e+00 
53	3.47e-05	-3.88e-05	-8.44e+00 
54	3.52e-05	-4.18e-05	-1.34e+01 
55	3.56e-05	-4.44e-05	-1.96e+01 
56	3.62e-05	-1.38e-05	2.65e+01 
57	3.66e-05	-1.88e-05	2.23e+01 
58	3.72e-05	-2.35e-05	1.76e+01 
59	3.80e-05	-2.77e-05	1.26e+01 
60	3.87e-05	-3.14e-05	7.55e+00 
61	3.95e-05	-3.49e-05	2.16e+00 
62	4.00e-05	-3.76e-05	-2.14e+00 
63	4.05e-05	-4.02e-05	-6.40e+00 
64	4.09e-05	-4.24e-05	-1.01e+01 
65	4.11e-05	-4.41e-05	-1.30e+01 
66	4.13e-05	-4.54e-05	-1.60e+01 
67	4.41e-05	-2.32e-05	2.37e+01 
68	4.41e-05	-2.75e-05	1.76e+01 
69	4.42e-05	-3.12e-05	1.18e+01 
70	4.44e-05	-3.44e-05	6.36e+00 
71	4.46e-05	-3.71e-05	1.49e+00 
72	4.48e-05	-3.96e-05	-3.13e+00 
73	4.48e-05	-4.12e-05	-5.83e+00 
74	4.49e-05	-4.27e-05	-7.94e+00 
75	4.49e-05	-4.39e-05	-8.79e+00 
76	4.49e-05	-4.46e-05	-8.18e+00 
77	4.49e-05	-4.49e-05	-6.13e+00 
78	4.88e-05	-3.12e-05	1.30e+01 
79	4.85e-05	-3.43e-05	6.90e+00 
80	4.82e-05	-3.68e-05	1.72e+00 
81	4.80e-05	-3.88e-05	-2.42e+00 
82	4.78e-05	-4.04e-05	-5.38e+00 
83	4.75e-05	-4.19e-05	-7.16e+00 
84	4.73e-05	-4.27e-05	-7.28e+00 
85	4.71e-05	-4.34e-05	-5.93e+00 
86	4.69e-05	-4.37e-05	-2.81e+00 
87	4.68e-05	-4.38e-05	2.36e+00 
88	4.67e-05	-4.35e-05	1.05e+01 
89	5.05e-05	-3.69e-05	-2.49e+00 
90	5.01e-05	-3.86e-05	-6.48e+00 
91	4.97e-05	-3.99e-05	-9.10e+00 
92	4.93e-05	-4.10e-05	-1.03e+01 
93	4.89e-05	-4.17e-05	-9.97e+00 
94	4.84e-05	-4.24e-05	-7.71e+00 
95	4.80e-05	-4.27e-05	-4.51e+00 
96	4.77e-05	-4.29e-05	8.90e-01 
97	4.75e-05	-4.28e-05	8.34e+00 
98	4.73e-05	-4.25e-05	1.82e+01 
99	4.72e-05	-4.21e-05	3.25e+01 
100	5.03e-05	-3.99e-05	-1.73e+01 
101	4.99e-05	-4.05e-05	-1.76e+01 
102	4.95e-05	-4.10e-05	-1.65e+01 
103	4.91e-05	-4.15e-05	-1.41e+01 
104	4.86e-05	-4.18e-05	-1.01e+01 
105	4.81e-05	-4.21e-05	-2.75e+00 
106	4.78e-05	-4.21e-05	2.83e+00 
107	4.75e-05	-4.20e-05	1.21e+01 
108	4.72e-05	-4.17e-05	2.37e+01 
109	4.71e-05	-4.13e-05	3.82e+01 
110	4.70e-05	-4.08e-05	5.83e+01 
111	4.97e-05	-4.07e-05	-2.62e+01 
112	4.94e-05	-4.10e-05	-2.29e+01 
113	4.90e-05	-4.12e-05	-1.86e+01 
114	4.85e-05	-4.14e-05	-1.30e+01 
115	4.80e-05	-4.15e-05	-5.87e+00 
116	4.74e-05	-4.15e-05	5.57e+00 
117	4.70e-05	-4.14e-05	1.36e+01 
118	4.67e-05	-4.11e-05	2.67e+01 
119	4.64e-05	-4.08e-05	4.28e+01 
120	4.62e-05	-4.03e-05	6.36e+01 
121	4.61e-05	-3.98e-05	1.04e+02 
