1	0.00000e+00	0.00000e+00	0.00000e+00 
2	2.19600e+00	0.00000e+00	0.00000e+00 
3	4.39200e+00	0.00000e+00	0.00000e+00 
4	6.58800e+00	0.00000e+00	0.00000e+00 
5	8.78400e+00	0.00000e+00	0.00000e+00 
6	1.07500e+01	0.00000e+00	0.00000e+00 
7	1.31760e+01	0.00000e+00	0.00000e+00 
8	1.53720e+01	0.00000e+00	0.00000e+00 
9	1.75680e+01	0.00000e+00	0.00000e+00 
10	1.97640e+01	0.00000e+00	0.00000e+00 
11	2.19600e+01	0.00000e+00	0.00000e+00 
12	3.18660e+00	3.00000e+00	0.00000e+00 
13	5.30796e+00	3.00000e+00	0.00000e+00 
14	7.42932e+00	3.00000e+00	0.00000e+00 
15	9.55068e+00	3.00000e+00	0.00000e+00 
16	1.16720e+01	3.00000e+00	0.00000e+00 
17	1.36500e+01	3.00000e+00	0.00000e+00 
18	1.59148e+01	3.00000e+00	0.00000e+00 
19	1.80361e+01	3.00000e+00	0.00000e+00 
20	2.01575e+01	3.00000e+00	0.00000e+00 
21	2.22788e+01	3.00000e+00	0.00000e+00 
22	2.44002e+01	3.00000e+00	0.00000e+00 
23	6.37320e+00	6.00000e+00	0.00000e+00 
24	8.41992e+00	6.00000e+00	0.00000e+00 
25	1.04666e+01	6.00000e+00	0.00000e+00 
26	1.25134e+01	6.00000e+00	0.00000e+00 
27	1.45601e+01	6.00000e+00	0.00000e+00 
28	1.66000e+01	6.00000e+00	0.00000e+00 
29	1.86535e+01	6.00000e+00	0.00000e+00 
30	2.07002e+01	6.00000e+00	0.00000e+00 
31	2.27470e+01	6.00000e+00	0.00000e+00 
32	2.47937e+01	6.00000e+00	0.00000e+00 
33	2.68404e+01	6.00000e+00	0.00000e+00 
34	9.55980e+00	9.00000e+00	0.00000e+00 
35	1.15319e+01	9.00000e+00	0.00000e+00 
36	1.35040e+01	9.00000e+00	0.00000e+00 
37	1.54760e+01	9.00000e+00	0.00000e+00 
38	1.74481e+01	9.00000e+00	0.00000e+00 
39	1.95000e+01	9.00000e+00	0.00000e+00 
40	2.13923e+01	9.00000e+00	0.00000e+00 
41	2.33644e+01	9.00000e+00	0.00000e+00 
42	2.53364e+01	9.00000e+00	0.00000e+00 
43	2.73085e+01	9.00000e+00	0.00000e+00 
44	2.92806e+01	9.00000e+00	0.00000e+00 
45	1.27464e+01	1.20000e+01	0.00000e+00 
46	1.46438e+01	1.20000e+01	0.00000e+00 
47	1.65413e+01	1.20000e+01	0.00000e+00 
48	1.84387e+01	1.20000e+01	0.00000e+00 
49	2.03362e+01	1.20000e+01	0.00000e+00 
50	2.23000e+01	1.20000e+01	0.00000e+00 
51	2.41310e+01	1.20000e+01	0.00000e+00 
52	2.60285e+01	1.20000e+01	0.00000e+00 
53	2.79259e+01	1.20000e+01	0.00000e+00 
54	2.98234e+01	1.20000e+01	0.00000e+00 
55	3.17208e+01	1.20000e+01	0.00000e+00 
56	1.59330e+01	1.50000e+01	0.00000e+00 
57	1.77558e+01	1.50000e+01	0.00000e+00 
58	1.95786e+01	1.50000e+01	0.00000e+00 
59	2.14014e+01	1.50000e+01	0.00000e+00 
60	2.32242e+01	1.50000e+01	0.00000e+00 
61	2.52000e+01	1.50000e+01	0.00000e+00 
62	2.68698e+01	1.50000e+01	0.00000e+00 
63	2.86926e+01	1.50000e+01	0.00000e+00 
64	3.05154e+01	1.50000e+01	0.00000e+00 
65	3.23382e+01	1.50000e+01	0.00000e+00 
66	3.41610e+01	1.50000e+01	0.00000e+00 
67	1.91196e+01	1.80000e+01	0.00000e+00 
68	2.08678e+01	1.80000e+01	0.00000e+00 
69	2.26159e+01	1.80000e+01	0.00000e+00 
70	2.43641e+01	1.80000e+01	0.00000e+00 
71	2.61123e+01	1.80000e+01	0.00000e+00 
72	2.81000e+01	1.80000e+01	0.00000e+00 
73	2.96086e+01	1.80000e+01	0.00000e+00 
74	3.13567e+01	1.80000e+01	0.00000e+00 
75	3.31049e+01	1.80000e+01	0.00000e+00 
76	3.48531e+01	1.80000e+01	0.00000e+00 
77	3.66012e+01	1.80000e+01	0.00000e+00 
78	2.23062e+01	2.10000e+01	0.00000e+00 
79	2.39797e+01	2.10000e+01	0.00000e+00 
80	2.56533e+01	2.10000e+01	0.00000e+00 
81	2.73268e+01	2.10000e+01	0.00000e+00 
82	2.90003e+01	2.10000e+01	0.00000e+00 
83	3.09000e+01	2.10000e+01	0.00000e+00 
84	3.23473e+01	2.10000e+01	0.00000e+00 
85	3.40209e+01	2.10000e+01	0.00000e+00 
86	3.56944e+01	2.10000e+01	0.00000e+00 
87	3.73679e+01	2.10000e+01	0.00000e+00 
88	3.90414e+01	2.10000e+01	0.00000e+00 
89	2.54928e+01	2.40000e+01	0.00000e+00 
90	2.70917e+01	2.40000e+01	0.00000e+00 
91	2.86906e+01	2.40000e+01	0.00000e+00 
92	3.02895e+01	2.40000e+01	0.00000e+00 
93	3.18883e+01	2.40000e+01	0.00000e+00 
94	3.37000e+01	2.40000e+01	0.00000e+00 
95	3.50861e+01	2.40000e+01	0.00000e+00 
96	3.66850e+01	2.40000e+01	0.00000e+00 
97	3.82839e+01	2.40000e+01	0.00000e+00 
98	3.98827e+01	2.40000e+01	0.00000e+00 
99	4.14816e+01	2.40000e+01	0.00000e+00 
100	2.86794e+01	2.70000e+01	0.00000e+00 
101	3.02037e+01	2.70000e+01	0.00000e+00 
102	3.17279e+01	2.70000e+01	0.00000e+00 
103	3.32521e+01	2.70000e+01	0.00000e+00 
104	3.47764e+01	2.70000e+01	0.00000e+00 
105	3.67000e+01	2.70000e+01	0.00000e+00 
106	3.78249e+01	2.70000e+01	0.00000e+00 
107	3.93491e+01	2.70000e+01	0.00000e+00 
108	4.08733e+01	2.70000e+01	0.00000e+00 
109	4.23976e+01	2.70000e+01	0.00000e+00 
110	4.39218e+01	2.70000e+01	0.00000e+00 
111	3.18660e+01	3.00000e+01	0.00000e+00 
112	3.33156e+01	3.00000e+01	0.00000e+00 
113	3.47652e+01	3.00000e+01	0.00000e+00 
114	3.62148e+01	3.00000e+01	0.00000e+00 
115	3.76644e+01	3.00000e+01	0.00000e+00 
116	3.95000e+01	3.00000e+01	0.00000e+00 
117	4.05636e+01	3.00000e+01	0.00000e+00 
118	4.20132e+01	3.00000e+01	0.00000e+00 
119	4.34628e+01	3.00000e+01	0.00000e+00 
120	4.49124e+01	3.00000e+01	0.00000e+00 
121	4.63620e+01	3.00000e+01	0.00000e+00 
